2987,7422
59,51953
60,496094
61,960938
62,9375
62,9375
63,42578
63,914062
64,40234
64,890625
65,37891
65,37891
65,86719
65,86719
66,35547
66,84375
66,35547
66,35547
66,84375
66,35547
66,35547
66,35547
66,84375
66,84375
66,84375
66,35547
67,33203
67,33203
66,84375
66,35547
66,35547
66,35547
65,86719
65,86719
65,86719
65,86719
65,86719
66,35547
65,86719
65,86719
66,35547
66,35547
66,35547
65,86719
66,35547
65,86719
66,35547
66,35547
65,86719
66,35547
65,86719
65,86719
65,37891
65,37891
65,86719
65,37891
65,86719
65,37891
65,86719
65,37891
65,86719
65,37891
65,37891
64,890625
65,37891
65,37891
64,890625
64,890625
64,890625
64,40234
64,890625
64,890625
65,37891
64,40234
65,37891
64,890625
64,40234
64,40234
64,890625
64,40234
64,40234
63,914062
63,914062
64,40234
64,40234
63,914062
63,914062
64,40234
63,914062
63,42578
63,42578
63,914062
63,42578
63,914062
63,914062
63,42578
63,914062
63,42578
63,914062
63,42578
63,42578
63,42578
63,42578
63,42578
63,42578
63,42578
62,9375
62,9375
63,42578
62,9375
62,44922
62,9375
62,44922
63,42578
62,44922
62,44922
62,44922
62,44922
62,44922
62,44922
62,9375
62,44922
61,960938
61,960938
61,960938
61,960938
61,960938
62,44922
61,960938
61,960938
61,960938
61,472656
61,472656
61,472656
61,960938
61,960938
61,472656
61,472656
61,472656
61,472656
60,984375
61,960938
61,472656
60,984375
61,472656
61,472656
61,472656
60,984375
60,984375
61,472656
60,984375
60,984375
60,984375
60,984375
61,472656
60,984375
60,496094
60,984375
60,496094
60,984375
60,984375
60,984375
60,984375
60,496094
60,007812
60,496094
60,007812
60,007812
60,496094
60,007812
60,007812
60,007812
59,51953
59,51953
59,51953
59,51953
59,51953
60,007812
59,51953
60,007812
59,51953
59,51953
59,51953
59,03125
59,51953
59,51953
59,03125
59,03125
59,51953
59,03125
59,03125
59,51953
59,03125
59,03125
59,03125
58,54297
59,03125
59,51953
59,03125
59,03125
59,03125
59,03125
58,54297
58,054688
59,03125
59,03125
59,03125
59,03125
59,03125
58,054688
58,54297
58,54297
59,03125
58,054688
58,054688
58,54297
58,54297
59,03125
58,54297
58,054688
58,054688
58,54297
58,054688
58,054688
58,054688
58,054688
58,054688
58,054688
57,566406
58,054688
57,566406
58,054688
57,566406
57,566406
57,566406
57,078125
58,054688
57,566406
57,566406
57,078125
57,566406
57,078125
57,566406
57,078125
57,078125
56,589844
57,566406
56,589844
57,566406
57,078125
57,566406
57,078125
57,078125
57,078125
57,078125
57,078125
57,078125
57,078125
57,078125
57,078125
56,589844
57,078125
57,078125
56,589844
57,078125
56,589844
56,589844
57,078125
56,589844
56,589844
56,589844
56,589844
56,101562
56,589844
56,101562
56,101562
56,101562
55,61328
56,589844
56,101562
56,101562
55,61328
56,101562
56,589844
56,101562
56,101562
56,101562
55,61328
55,61328
56,101562
56,101562
55,61328
55,61328
55,61328
55,61328
56,101562
55,61328
55,61328
55,61328
55,125
55,61328
55,61328
55,61328
55,61328
55,125
55,125
55,125
55,125
55,61328
55,61328
55,125
55,125
55,61328
55,125
54,63672
55,125
55,125
55,125
55,125
55,125
55,125
55,125
55,125
55,125
54,63672
55,125
54,63672
55,125
54,148438
54,63672
54,63672
54,63672
54,148438
54,63672
53,660156
54,148438
54,63672
54,63672
54,148438
54,148438
53,660156
54,148438
54,63672
54,148438
54,148438
53,660156
54,148438
54,148438
54,148438
54,148438
53,660156
53,660156
53,660156
54,148438
54,63672
53,660156
53,660156
54,148438
53,660156
53,660156
53,660156
53,660156
54,148438
54,148438
53,171875
53,660156
53,171875
54,148438
53,171875
53,660156
53,171875
53,660156
53,171875
53,171875
53,171875
53,171875
53,660156
53,660156
52,683594
53,660156
53,660156
53,171875
53,171875
52,683594
52,683594
53,171875
52,683594
53,171875
53,171875
52,683594
52,683594
52,683594
53,171875
53,171875
52,683594
52,683594
52,683594
53,171875
52,683594
53,171875
52,683594
52,683594
52,683594
53,171875
52,683594
52,683594
52,683594
52,195312
52,195312
52,195312
52,683594
52,683594
52,683594
52,195312
52,195312
51,70703
52,195312
51,70703
52,195312
51,70703
51,70703
52,683594
52,683594
52,195312
51,70703
51,70703
52,195312
51,70703
52,195312
52,195312
52,195312
51,70703
51,70703
51,70703
51,70703
51,70703
51,70703
52,195312
51,21875
51,21875
51,70703
51,70703
51,70703
51,21875
51,21875
51,21875
51,70703
51,21875
51,21875
51,70703
51,21875
51,21875
50,73047
51,21875
51,70703
50,73047
51,21875
51,21875
50,73047
51,21875
51,21875
50,73047
51,21875
50,73047
51,21875
51,21875
50,73047
51,21875
50,73047
51,21875
50,242188
50,73047
50,73047
50,73047
50,242188
50,73047
50,242188
50,242188
50,73047
50,73047
50,242188
50,73047
50,242188
50,73047
50,242188
50,73047
50,242188
50,73047
50,242188
50,242188
49,753906
50,242188
50,242188
50,242188
50,242188
50,242188
50,242188
49,753906
49,265625
50,242188
49,753906
50,242188
50,242188
49,753906
50,242188
50,242188
50,242188
49,753906
49,753906
49,753906
49,753906
49,753906
49,753906
50,242188
50,242188
49,265625
49,265625
49,753906
50,242188
49,753906
49,265625
49,753906
49,265625
49,753906
50,242188
49,753906
49,265625
49,265625
49,265625
49,753906
49,265625
49,265625
49,753906
49,753906
49,753906
48,777344
49,265625
49,265625
49,265625
49,265625
48,777344
49,265625
48,777344
49,265625
49,265625
49,265625
48,777344
48,777344
48,777344
48,777344
48,777344
48,777344
48,777344
48,777344
48,777344
48,289062
48,777344
49,265625
48,777344
49,265625
49,265625
48,777344
48,289062
48,289062
48,289062
48,289062
48,777344
48,289062
48,289062
48,289062
48,777344
48,289062
48,289062
48,289062
48,289062
48,777344
48,289062
48,289062
48,777344
48,289062
48,289062
48,289062
47,80078
48,289062
48,289062
48,289062
48,289062
47,80078
48,289062
47,80078
48,289062
48,289062
47,80078
47,80078
47,80078
47,80078
47,80078
47,80078
47,80078
48,289062
48,289062
48,289062
47,3125
47,80078
47,3125
47,80078
47,80078
47,80078
47,80078
47,3125
47,80078
47,3125
47,80078
47,80078
47,80078
47,3125
47,3125
47,3125
47,80078
47,3125
47,3125
47,3125
47,3125
47,80078
47,3125
46,82422
46,82422
47,3125
47,3125
47,3125
46,82422
47,3125
46,82422
46,82422
47,3125
47,3125
46,82422
47,3125
47,3125
47,3125
46,82422
46,82422
46,82422
47,3125
47,3125
46,82422
47,3125
46,82422
46,82422
46,82422
46,82422
47,3125
46,82422
46,82422
46,82422
46,82422
46,82422
46,82422
46,335938
46,82422
46,82422
46,82422
46,335938
46,335938
46,335938
46,335938
45,847656
46,335938
46,82422
46,335938
46,82422
46,82422
46,335938
46,335938
46,335938
46,335938
46,335938
46,82422
46,82422
46,335938
46,335938
46,335938
46,335938
46,335938
46,335938
46,335938
46,335938
46,335938
46,335938
46,335938
46,335938
46,335938
46,335938
45,847656
46,335938
45,847656
45,847656
46,335938
45,847656
45,847656
45,847656
45,847656
45,847656
46,335938
45,847656
45,847656
45,359375
46,335938
45,847656
45,847656
45,847656
45,359375
45,847656
45,847656
45,847656
45,847656
45,359375
45,359375
45,359375
45,359375
45,847656
45,359375
45,359375
45,847656
45,847656
45,847656
45,359375
45,359375
45,847656
45,359375
45,359375
44,871094
45,359375
45,359375
44,871094
44,871094
44,871094
44,382812
44,871094
45,359375
44,871094
44,871094
45,359375
44,871094
44,871094
44,871094
44,871094
45,359375
44,871094
45,359375
44,871094
44,871094
44,871094
44,382812
44,871094
44,382812
44,871094
44,871094
45,359375
44,871094
44,871094
44,382812
44,871094
44,382812
45,359375
44,871094
44,382812
44,871094
44,871094
44,382812
44,871094
44,382812
44,871094
44,871094
44,382812
44,871094
44,871094
44,871094
44,382812
44,871094
44,382812
43,89453
44,382812
43,89453
44,382812
44,382812
43,40625
43,89453
44,382812
44,382812
43,89453
44,382812
44,382812
43,89453
44,382812
44,382812
43,89453
44,382812
44,382812
43,89453
43,40625
44,382812
43,89453
43,89453
43,89453
44,382812
43,89453
43,89453
43,40625
43,89453
44,382812
43,40625
43,40625
44,382812
43,89453
43,89453
43,89453
43,40625
43,89453
43,89453
43,40625
43,40625
43,40625
43,89453
43,89453
43,40625
43,89453
42,91797
43,40625
43,40625
43,40625
43,89453
43,40625
43,40625
43,40625
43,40625
43,40625
43,40625
43,40625
43,89453
42,91797
43,40625
42,91797
43,40625
43,40625
43,89453
42,91797
43,40625
43,40625
43,40625
43,40625
43,40625
42,429688
42,91797
42,91797
43,40625
43,40625
42,91797
42,91797
42,91797
42,91797
42,91797
42,91797
43,40625
42,91797
43,40625
42,91797
42,429688
42,91797
42,91797
43,40625
42,91797
43,40625
42,91797
42,91797
42,429688
42,91797
42,91797
43,40625
42,429688
42,91797
42,91797
43,40625
42,91797
43,40625
42,91797
43,40625
42,429688
42,429688
42,429688
42,91797
42,429688
42,91797
42,429688
43,40625
42,429688
42,429688
42,91797
42,91797
42,429688
42,91797
42,429688
42,429688
42,91797
42,91797
41,941406
42,91797
42,91797
42,91797
42,429688
42,429688
42,429688
42,429688
41,941406
41,941406
41,941406
41,941406
41,941406
41,941406
42,429688
42,91797
42,91797
42,429688
41,941406
42,429688
41,941406
41,941406
42,429688
42,429688
42,429688
41,941406
42,429688
42,429688
41,941406
41,941406
41,941406
41,941406
41,941406
41,941406
41,941406
41,941406
42,429688
41,941406
41,941406
41,941406
41,941406
41,941406
41,941406
41,941406
41,941406
41,453125
41,941406
41,453125
41,941406
41,941406
41,941406
41,941406
41,941406
41,453125
41,453125
41,941406
41,941406
41,453125
41,941406
40,964844
41,453125
41,453125
41,453125
41,941406
41,941406
41,941406
41,453125
41,453125
41,453125
41,453125
41,453125
41,453125
41,453125
41,453125
41,453125
40,964844
40,964844
41,453125
41,453125
41,453125
40,964844
41,453125
40,964844
40,964844
41,453125
40,964844
40,964844
41,453125
41,453125
40,964844
40,964844
41,453125
41,453125
41,453125
41,453125
41,453125
40,964844
40,964844
40,476562
40,964844
40,476562
40,964844
40,964844
40,964844
40,964844
40,476562
40,964844
41,453125
40,964844
40,964844
40,476562
40,964844
40,476562
40,476562
40,476562
40,476562
40,964844
40,476562
39,98828
40,964844
40,476562
40,476562
40,964844
40,964844
40,476562
40,476562
40,476562
40,964844
40,964844
40,476562
39,98828
40,476562
40,476562
40,964844
40,964844
40,964844
40,476562
40,476562
40,476562
40,476562
40,476562
40,476562
39,98828
40,476562
40,476562
40,964844
39,98828
40,964844
40,476562
40,476562
40,476562
39,98828
40,964844
40,964844
40,476562
40,964844
39,98828
40,476562
40,964844
40,476562
40,476562
40,476562
40,476562
39,98828
39,98828
39,98828
40,476562
39,98828
40,476562
40,476562
40,476562
40,476562
39,98828
39,98828
39,98828
39,98828
40,476562
40,476562
39,98828
39,98828
39,98828
40,476562
40,476562
40,476562
39,98828
39,98828
39,98828
40,476562
39,98828
39,5
39,98828
39,98828
39,98828
40,476562
39,98828
40,476562
39,98828
39,98828
39,5
39,5
39,98828
39,98828
39,5
39,5
39,5
39,5
39,98828
39,98828
39,01172
39,5
39,98828
39,5
39,5
39,98828
39,5
39,5
39,5
39,98828
39,5
39,5
39,5
39,5
39,5
39,01172
39,98828
39,5
39,01172
39,01172
39,5
39,5
39,01172
39,5
39,01172
39,5
39,01172
39,01172
39,5
39,5
39,5
39,98828
39,5
39,01172
39,5
39,5
39,01172
39,5
39,01172
39,5
39,01172
39,5
39,01172
39,5
39,5
39,5
39,5
39,5
39,01172
39,01172
39,5
39,01172
39,01172
39,01172
39,01172
39,01172
39,5
39,01172
39,01172
39,5
39,01172
39,01172
39,01172
38,523438
39,01172
38,523438
39,01172
39,01172
39,01172
38,523438
39,01172
39,01172
38,035156
38,523438
39,01172
39,01172
39,01172
38,523438
39,01172
39,01172
38,523438
38,523438
38,523438
38,523438
39,01172
39,01172
39,01172
39,01172
38,523438
38,523438
39,01172
38,523438
38,523438
39,01172
38,523438
39,01172
38,523438
38,523438
38,523438
38,523438
38,523438
38,035156
39,01172
39,01172
39,01172
38,523438
38,523438
39,01172
38,523438
38,523438
38,523438
38,035156
38,523438
38,035156
38,523438
38,523438
38,523438
38,035156
38,523438
38,523438
38,523438
38,523438
38,523438
38,523438
38,523438
38,523438
38,035156
38,523438
38,523438
38,035156
38,035156
38,035156
38,523438
38,035156
38,523438
38,523438
38,035156
38,035156
38,035156
38,035156
38,523438
38,523438
38,523438
38,523438
37,546875
38,035156
38,523438
38,035156
38,035156
38,523438
38,523438
38,035156
38,035156
37,546875
38,523438
38,035156
38,035156
38,035156
38,035156
38,523438
38,035156
38,035156
38,035156
37,546875
38,035156
37,546875
37,546875
37,546875
37,546875
38,035156
37,546875
38,035156
38,035156
38,035156
37,546875
38,035156
37,546875
38,035156
38,035156
37,546875
38,035156
37,546875
38,035156
37,546875
37,546875
37,546875
37,546875
37,546875
38,035156
37,546875
38,035156
37,546875
37,546875
37,546875
37,546875
37,546875
37,546875
37,546875
37,546875
38,035156
37,546875
37,546875
37,546875
38,035156
37,058594
37,546875
37,546875
37,058594
37,546875
37,058594
37,546875
37,058594
37,546875
37,546875
37,058594
37,546875
37,546875
37,058594
38,035156
37,058594
37,058594
37,058594
37,058594
37,546875
37,058594
37,058594
37,546875
37,058594
37,058594
37,546875
36,570312
37,058594
37,058594
37,546875
37,058594
37,058594
37,546875
37,546875
37,546875
37,546875
37,058594
37,058594
37,058594
37,546875
37,546875
37,058594
37,058594
37,058594
37,546875
37,058594
37,058594
37,058594
36,570312
37,058594
37,058594
37,058594
36,570312
37,546875
37,058594
37,058594
37,546875
37,058594
36,570312
37,058594
37,058594
37,058594
37,058594
37,058594
36,570312
36,570312
37,058594
36,570312
36,570312
36,570312
37,058594
37,058594
36,570312
37,058594
36,570312
36,570312
36,570312
36,570312
37,058594
36,570312
36,570312
36,570312
36,570312
37,058594
37,058594
36,570312
37,058594
36,08203
36,08203
36,570312
36,570312
36,570312
37,058594
36,570312
37,058594
36,08203
36,570312
36,08203
36,570312
36,08203
36,570312
36,08203
36,08203
36,570312
36,08203
36,08203
36,08203
36,08203
36,08203
36,570312
36,08203
36,570312
36,570312
36,08203
37,058594
36,08203
36,570312
36,570312
36,570312
36,08203
36,570312
36,08203
36,08203
36,08203
36,08203
36,08203
36,08203
36,570312
36,570312
36,570312
36,570312
36,08203
36,08203
36,570312
36,08203
36,08203
36,570312
35,59375
36,08203
35,59375
35,59375
36,570312
35,59375
36,08203
36,570312
36,08203
36,08203
36,08203
35,59375
36,570312
36,08203
36,08203
35,59375
35,59375
36,08203
35,59375
35,59375
35,59375
36,08203
36,08203
36,08203
36,08203
35,59375
35,59375
35,59375
36,08203
35,59375
36,08203
36,08203
35,59375
35,59375
35,59375
35,59375
35,59375
35,59375
35,59375
35,59375
35,59375
35,59375
35,59375
36,08203
35,59375
36,08203
36,08203
35,59375
36,08203
35,59375
35,59375
35,59375
35,59375
35,59375
35,59375
35,59375
36,08203
36,08203
36,08203
35,59375
35,59375
35,59375
35,10547
36,08203
36,08203
35,59375
35,59375
35,59375
35,59375
35,59375
35,59375
35,59375
35,59375
35,10547
35,10547
35,10547
35,59375
35,59375
35,59375
35,10547
35,59375
35,59375
35,10547
35,59375
35,10547
35,10547
35,10547
35,59375
35,59375
35,59375
35,10547
35,59375
35,10547
35,10547
35,10547
35,10547
35,10547
35,10547
35,59375
35,59375
35,10547
35,10547
35,59375
35,59375
35,59375
35,10547
35,10547
35,59375
35,10547
35,59375
35,10547
35,59375
35,10547
35,10547
34,617188
35,59375
35,59375
35,10547
35,10547
35,10547
35,10547
35,59375
35,59375
35,10547
35,10547
35,59375
35,10547
35,10547
35,10547
35,10547
34,617188
35,10547
34,617188
35,10547
34,617188
35,10547
35,10547
34,617188
35,10547
34,617188
35,10547
35,10547
35,10547
35,10547
35,10547
35,10547
35,10547
34,617188
35,10547
35,10547
35,10547
34,617188
35,10547
34,617188
35,10547
35,10547
35,10547
34,617188
35,10547
34,617188
35,10547
34,128906
34,617188
34,617188
35,10547
35,10547
35,10547
34,617188
34,617188
34,617188
34,128906
34,617188
34,128906
34,617188
34,617188
34,617188
34,617188
34,617188
35,10547
34,128906
34,617188
34,128906
34,128906
35,10547
34,617188
34,617188
34,617188
34,617188
35,10547
34,128906
34,617188
34,128906
34,128906
34,617188
34,617188
34,128906
34,617188
34,128906
34,128906
34,617188
34,617188
34,128906
34,617188
34,128906
34,617188
34,617188
34,128906
34,128906
34,128906
34,617188
34,617188
34,128906
35,10547
34,617188
34,617188
34,128906
34,617188
34,617188
34,617188
34,128906
34,617188
34,617188
34,128906
33,640625
34,128906
34,128906
34,617188
34,128906
34,128906
34,128906
34,617188
33,640625
34,128906
34,128906
34,617188
34,128906
34,617188
34,617188
34,617188
34,128906
34,128906
34,617188
34,128906
33,640625
34,128906
34,128906
34,128906
34,128906
34,128906
33,640625
34,128906
34,617188
34,617188
34,128906
34,128906
33,640625
34,128906
33,640625
34,128906
34,128906
33,640625
34,617188
33,152344
34,128906
34,128906
34,128906
34,128906
34,128906
34,128906
34,128906
34,128906
33,640625
33,640625
34,128906
34,128906
33,640625
34,128906
34,128906
33,640625
33,640625
33,640625
34,128906
34,128906
34,128906
34,128906
33,640625
33,640625
34,128906
33,640625
33,640625
34,128906
33,152344
34,128906
34,128906
33,640625
34,128906
34,128906
33,640625
34,128906
34,128906
33,640625
34,128906
34,128906
33,640625
33,640625
33,152344
33,640625
33,152344
34,128906
33,640625
33,640625
33,640625
33,152344
33,152344
33,640625
33,152344
33,640625
33,640625
34,128906
33,152344
33,152344
33,640625
33,640625
33,152344
33,640625
33,152344
33,640625
33,640625
33,152344
33,640625
33,640625
33,152344
33,152344
33,152344
33,152344
33,640625
33,152344
33,640625
33,640625
33,640625
33,152344
33,640625
33,152344
33,152344
33,640625
33,152344
33,640625
32,664062
33,152344
33,640625
32,664062
33,640625
33,640625
33,152344
33,152344
33,640625
32,664062
32,664062
33,152344
33,152344
32,664062
33,152344
33,152344
33,152344
33,640625
33,640625
33,152344
33,152344
33,152344
33,152344
32,664062
33,152344
32,664062
33,152344
33,152344
33,640625
33,152344
33,152344
33,152344
33,152344
33,152344
33,152344
33,152344
33,152344
33,152344
32,664062
33,152344
33,152344
33,152344
33,152344
33,152344
32,664062
32,664062
32,664062
32,664062
33,152344
32,664062
33,152344
33,152344
32,664062
32,664062
33,152344
33,152344
33,152344
32,664062
32,664062
32,664062
32,664062
33,152344
32,664062
33,152344
32,664062
33,152344
32,664062
32,17578
32,664062
32,664062
33,152344
32,664062
33,152344
33,152344
33,152344
32,664062
32,664062
32,17578
32,17578
32,664062
32,664062
32,664062
32,664062
32,17578
33,152344
33,152344
32,664062
32,664062
32,664062
32,664062
33,152344
33,152344
32,664062
32,17578
33,152344
32,664062
33,152344
32,664062
33,152344
32,664062
32,664062
32,664062
33,152344
32,664062
33,152344
32,664062
32,664062
32,664062
32,664062
32,664062
33,152344
32,664062
32,17578
32,664062
32,664062
32,17578
32,664062
32,664062
32,17578
32,17578
32,664062
32,664062
32,17578
32,17578
32,664062
32,664062
33,152344
32,664062
32,664062
32,664062
32,664062
32,664062
32,17578
32,17578
32,664062
32,17578
32,664062
32,664062
32,664062
32,17578
32,17578
32,664062
32,664062
32,17578
32,664062
32,17578
32,17578
32,664062
32,17578
32,17578
32,664062
32,664062
32,664062
32,17578
32,17578
32,17578
32,17578
32,664062
32,17578
32,17578
32,664062
31,6875
32,664062
32,17578
31,6875
32,17578
32,17578
31,6875
32,17578
32,664062
31,6875
32,17578
32,17578
31,6875
32,17578
32,17578
32,17578
32,17578
32,664062
32,17578
32,17578
32,17578
32,17578
32,17578
32,664062
32,664062
32,17578
32,17578
32,17578
31,6875
32,17578
32,17578
32,664062
32,17578
32,17578
32,17578
31,6875
32,17578
32,17578
32,17578
32,17578
32,664062
32,17578
32,17578
31,6875
32,17578
32,17578
31,6875
32,17578
32,664062
32,17578
32,17578
32,17578
31,6875
31,6875
32,17578
32,664062
31,6875
31,6875
32,17578
32,17578
31,6875
32,17578
31,6875
31,6875
31,6875
32,17578
31,6875
32,17578
32,17578
32,17578
31,199219
31,6875
32,17578
31,6875
31,199219
31,6875
31,6875
31,6875
31,199219
31,6875
32,17578
31,6875
32,17578
31,199219
31,6875
32,17578
31,6875
31,6875
31,6875
32,17578
32,17578
32,17578
31,6875
31,6875
32,17578
31,6875
32,17578
31,6875
32,17578
31,6875
32,17578
31,6875
31,6875
31,6875
32,17578
32,17578
32,17578
31,6875
31,6875
31,199219
31,6875
32,17578
31,6875
31,6875
31,6875
31,199219
31,6875
31,199219
32,17578
31,6875
31,6875
31,199219
31,199219
31,6875
31,199219
31,6875
31,6875
31,199219
31,6875
31,199219
31,6875
31,6875
31,199219
31,6875
31,199219
31,6875
31,199219
31,6875
31,6875
31,6875
31,199219
31,6875
31,6875
31,199219
31,6875
31,6875
31,199219
31,199219
31,199219
31,6875
31,199219
31,6875
31,199219
31,199219
31,199219
31,6875
31,6875
31,199219
31,199219
31,6875
31,6875
31,199219
31,6875
31,6875
31,6875
31,199219
31,199219
31,199219
31,6875
31,199219
31,199219
31,6875
31,6875
31,199219
31,199219
31,199219
31,199219
31,199219
31,6875
31,199219
31,199219
31,6875
31,6875
31,199219
31,199219
31,199219
31,199219
31,6875
31,199219
30,710938
31,199219
31,199219
31,199219
31,199219
31,6875
31,199219
30,710938
30,710938
31,199219
31,199219
31,199219
31,199219
31,199219
31,199219
31,199219
31,199219
31,199219
31,199219
31,199219
31,199219
31,199219
31,199219
31,6875
31,199219
31,199219
31,199219
30,710938
31,199219
31,6875
31,199219
31,199219
31,199219
31,199219
31,6875
31,199219
31,199219
31,199219
31,199219
30,710938
31,199219
30,710938
31,199219
31,199219
31,199219
30,710938
31,6875
31,199219
30,710938
31,199219
31,199219
31,199219
31,199219
30,710938
31,199219
30,710938
31,199219
30,710938
31,199219
30,710938
31,199219
30,710938
30,710938
31,199219
30,710938
31,199219
30,710938
30,222656
30,710938
30,710938
30,222656
31,199219
31,199219
31,199219
31,199219
31,199219
30,710938
30,710938
31,199219
31,199219
30,710938
31,199219
30,710938
30,710938
30,710938
31,199219
31,199219
30,710938
30,710938
31,199219
31,199219
30,222656
30,710938
31,199219
30,710938
30,710938
30,710938
30,710938
30,710938
31,199219
30,710938
31,199219
30,710938
31,199219
30,710938
30,710938
30,710938
30,710938
31,199219
30,222656
30,710938
30,710938
30,710938
30,222656
30,710938
30,710938
30,710938
30,222656
30,710938
31,199219
30,710938
30,710938
30,222656
30,222656
30,710938
31,199219
31,199219
30,710938
30,710938
30,710938
30,222656
30,222656
30,710938
30,710938
31,199219
30,710938
30,710938
30,222656
30,710938
30,222656
30,710938
30,710938
30,710938
30,710938
31,199219
30,222656
30,710938
30,222656
30,710938
30,710938
30,710938
31,199219
30,710938
30,710938
30,222656
30,710938
30,710938
30,222656
30,710938
30,222656
30,710938
30,222656
30,222656
30,710938
30,222656
30,710938
30,710938
30,222656
30,222656
30,710938
30,710938
30,710938
30,222656
30,710938
30,710938
30,222656
30,710938
30,222656
30,222656
30,222656
30,710938
30,222656
31,199219
30,222656
29,734375
30,710938
30,710938
30,710938
30,710938
30,222656
31,199219
29,734375
30,222656
30,222656
30,222656
30,710938
30,710938
30,710938
30,710938
30,222656
30,222656
30,710938
30,222656
30,222656
30,222656
30,710938
29,734375
30,222656
30,222656
30,222656
30,710938
30,222656
30,710938
30,222656
30,222656
30,222656
30,710938
30,222656
30,222656
30,222656
30,222656
30,222656
30,222656
30,222656
30,710938
30,222656
30,222656
30,710938
30,222656
30,710938
29,734375
30,222656
30,222656
30,222656
29,734375
30,222656
30,222656
30,222656
30,222656
30,222656
30,222656
29,734375
30,222656
30,222656
29,734375
30,222656
30,222656
29,734375
29,734375
29,734375
30,222656
30,222656
29,734375
30,222656
29,734375
30,222656
30,222656
30,222656
30,710938
29,734375
29,734375
29,734375
29,246094
30,222656
30,222656
30,222656
29,734375
30,222656
30,222656
29,734375
29,246094
29,734375
29,734375
29,734375
29,734375
30,222656
30,222656
30,222656
30,222656
29,734375
29,734375
30,222656
29,734375
29,734375
30,222656
30,222656
29,246094
30,222656
29,246094
29,734375
30,222656
29,734375
29,734375
29,734375
29,734375
29,734375
29,734375
29,734375
29,734375
30,222656
29,734375
29,734375
29,734375
30,222656
29,734375
29,734375
29,734375
30,222656
29,734375
29,246094
29,246094
29,734375
29,734375
30,222656
30,222656
29,734375
29,734375
29,734375
29,734375
29,734375
29,734375
29,734375
29,734375
29,734375
29,734375
29,246094
29,734375
29,734375
30,222656
29,734375
29,734375
29,734375
